clx2
clx1
#------------------------------------------------------------
#    Intel(R) MPI Benchmarks 2021.1, IMB-P2P part
#------------------------------------------------------------
# Date                  : Mon Apr 12 23:28:15 2021
# Machine               : x86_64
# System                : Linux
# Release               : 4.18.0-240.el8.x86_64
# Version               : #1 SMP Fri Sep 25 19:48:47 UTC 2020
# MPI Version           : 3.1
# MPI Thread Environment:
#
# Calling sequence was:
#
# IMB-P2P
#
# List of Benchmarks to run:
#
# PingPong
# PingPing
# Unirandom
# Birandom
# Corandom
# Stencil2D
# Stencil3D
# SendRecv_Replace
#
# Minimum message length in bytes:   0
# Maximum message length in bytes:   4194304
#

#----------------------------------------------------------------
# Benchmarking PingPong
# #processes = 2
#----------------------------------------------------------------
       #bytes #repetitions      t[usec]   Mbytes/sec      Msg/sec
            0       100000         0.44         0.00      2288056
            1       100000         0.46         2.16      2156700
            2       100000         0.47         4.21      2106393
            4       100000         0.47         8.45      2112387
            8       100000         0.47        17.13      2141056
           16       100000         0.47        34.22      2138933
           32       100000         0.50        63.94      1998005
           64       100000         0.49       130.97      2046425
          128       100000         0.60       213.86      1670760
          256       100000         0.64       398.45      1556442
          512       100000         0.88       578.80      1130465
         1024       100000         0.96      1070.76      1045659
         2048       100000         1.13      1817.04       887225
         4096       100000         1.58      2585.45       631214
         8192       100000         2.14      3827.98       467283
        16384        51200         3.47      4716.45       287869
        32768        25600         7.96      4117.18       125646
        65536        12800        14.55      4502.68        68705
       131072         6400        27.19      4820.95        36781
       262144         3200        52.57      4986.11        19021
       524288         1600       106.64      4916.06         9377
      1048576          800       251.05      4176.51         3983
      2097152          400       534.80      3920.91         1870
      4194304          200      1061.48      3950.47          942

#----------------------------------------------------------------
# Benchmarking PingPing
# #processes = 2
#----------------------------------------------------------------
       #bytes #repetitions      t[usec]   Mbytes/sec      Msg/sec
            0       100000         0.71         0.00      2807802
            1       100000         0.72         2.78      2782388
            2       100000         0.72         5.55      2776199
            4       100000         0.72        11.11      2778191
            8       100000         0.72        22.18      2772999
           16       100000         0.70        45.43      2839189
           32       100000         0.77        83.51      2609583
           64       100000         0.74       172.69      2698328
          128       100000         0.81       315.20      2462523
          256       100000         0.95       536.36      2095157
          512       100000         1.22       839.81      1640258
         1024       100000         1.29      1584.78      1547636
         2048       100000         1.48      2763.17      1349202
         4096       100000         1.99      4107.83      1002888
         8192       100000         2.70      6062.60       740063
        16384        51200         4.24      7724.36       471457
        32768        25600        11.01      5952.80       181665
        65536        12800        21.40      6123.61        93439
       131072         6400        42.19      6213.60        47406
       262144         3200        83.95      6244.83        23822
       524288         1600       175.31      5980.88        11408
      1048576          800       401.97      5217.13         4975
      2097152          400       822.25      5101.00         2432
      4194304          200      1643.27      5104.80         1217

#----------------------------------------------------------------
# Benchmarking Unirandom
# #processes = 2
#----------------------------------------------------------------
       #bytes #repetitions      t[usec]   Mbytes/sec      Msg/sec
            0       100000         0.86         0.00      2327810
            1       100000         0.87         2.29      2288200
            2       100000         0.85         4.69      2344931
            4       100000         0.88         9.07      2267061
            8       100000         0.87        18.36      2294980
           16       100000         0.88        36.31      2269345
           32       100000         0.90        70.92      2216357
           64       100000         0.90       142.71      2229817
          128       100000         0.99       259.62      2028290
          256       100000         1.10       465.61      1818803
          512       100000         1.65       621.04      1212969
         1024       100000         1.86      1099.34      1073577
         2048       100000         2.12      1930.14       942451
         4096       100000         2.95      2776.33       677815
         8192       100000         4.07      4027.88       491685
        16384        51200         6.40      5122.49       312652
        32768        25600        14.11      4643.85       141719
        65536        12800        26.81      4889.66        74610
       131072         6400        51.35      5105.03        38948
       262144         3200       100.49      5217.46        19903
       524288         1600       193.23      5426.36        10350
      1048576          800       439.03      4776.49         4555
      2097152          400       955.33      4389.88         2093
      4194304          200      1940.67      4321.47         1030

#----------------------------------------------------------------
# Benchmarking Birandom
# #processes = 2
#----------------------------------------------------------------
       #bytes #repetitions      t[usec]   Mbytes/sec      Msg/sec
            0       100000         0.70         0.00      2870858
            1       100000         0.70         2.85      2850455
            2       100000         0.71         5.63      2815809
            4       100000         0.70        11.36      2840033
            8       100000         0.70        22.72      2839532
           16       100000         0.70        45.63      2851840
           32       100000         0.75        84.91      2653582
           64       100000         0.75       169.60      2650017
          128       100000         0.79       323.07      2524019
          256       100000         0.90       567.20      2215627
          512       100000         1.17       871.51      1702169
         1024       100000         1.24      1651.35      1612644
         2048       100000         1.42      2894.63      1413395
         4096       100000         1.99      4113.51      1004275
         8192       100000         2.70      6059.31       739662
        16384        51200         4.21      7776.67       474650
        32768        25600        11.02      5947.41       181500
        65536        12800        21.35      6140.22        93692
       131072         6400        42.19      6213.26        47403
       262144         3200        83.95      6244.98        23823
       524288         1600       175.77      5965.37        11378
      1048576          800       401.81      5219.21         4977
      2097152          400       823.79      5091.49         2428
      4194304          200      1643.46      5104.24         1217

#----------------------------------------------------------------
# Benchmarking Corandom
# #processes = 2
#----------------------------------------------------------------
       #bytes #repetitions      t[usec]   Mbytes/sec      Msg/sec
            0       100000         0.69         0.00      2877937
            1       100000         0.74         2.71      2712984
            2       100000         0.72         5.52      2762464
            4       100000         0.72        11.08      2771117
            8       100000         0.74        21.61      2701114
           16       100000         0.73        43.54      2721308
           32       100000         0.78        82.29      2571711
           64       100000         0.78       164.99      2577891
          128       100000         0.81       316.07      2469302
          256       100000         0.95       539.08      2105778
          512       100000         1.21       849.50      1659175
         1024       100000         1.27      1614.16      1576332
         2048       100000         1.47      2792.86      1363703
         4096       100000         1.95      4207.36      1027188
         8192       100000         2.66      6170.91       753284
        16384        51200         4.18      7832.49       478057
        32768        25600        10.95      5982.88       182583
        65536        12800        21.40      6125.37        93466
       131072         6400        42.04      6236.29        47579
       262144         3200        83.43      6284.09        23972
       524288         1600       175.55      5972.73        11392
      1048576          800       396.89      5283.96         5039
      2097152          400       821.17      5107.71         2436
      4194304          200      1641.41      5110.58         1218

# !! Benchmark Stencil2D is invalid for 2 processes !!

# !! Benchmark Stencil3D is invalid for 2 processes !!

#----------------------------------------------------------------
# Benchmarking SendRecv_Replace
# #processes = 2
#----------------------------------------------------------------
       #bytes #repetitions      t[usec]   Mbytes/sec      Msg/sec
            0       100000         0.68         0.00      2943718
            1       100000         0.72         2.79      2788554
            2       100000         0.71         5.67      2835340
            4       100000         0.73        10.92      2729471
            8       100000         0.75        21.41      2676278
           16       100000         0.73        43.65      2727862
           32       100000         0.79        80.94      2529254
           64       100000         0.78       164.07      2563648
          128       100000         0.81       314.19      2454581
          256       100000         0.94       545.06      2129145
          512       100000         1.19       860.21      1680095
         1024       100000         1.27      1618.96      1581018
         2048       100000         1.41      2909.85      1420827
         4096       100000         1.94      4222.10      1030785
         8192       100000         2.73      6004.43       732962
        16384        51200         4.32      7581.77       462755
        32768        25600        11.75      5576.89       170193
        65536        12800        22.41      5849.32        89254
       131072         6400        43.95      5964.43        45505
       262144         3200        87.12      6018.06        22957
       524288         1600       181.43      5779.42        11023
      1048576          800       411.31      5098.68         4862
      2097152          400       914.96      4584.11         2186
      4194304          200      1828.42      4587.88         1094


# All processes entering MPI_Finalize

clx2
clx1
[mpiexec@clx1] HYD_sock_get_iface_ip (../../../../../src/pm/i_hydra/libhydra/sock/hydra_sock_intel.c:419): unable to find interface eth40
[mpiexec@clx1] get_local_host (../../../../../src/pm/i_hydra/libhydra/bstrap/src/intel/i_hydra_bstrap.c:237): unable to get iface ip
[mpiexec@clx1] HYD_bstrap_setup (../../../../../src/pm/i_hydra/libhydra/bstrap/src/intel/i_hydra_bstrap.c:694): unable to get local host name
[mpiexec@clx1] main (../../../../../src/pm/i_hydra/mpiexec/mpiexec.c:1955): error setting up the boostrap proxies
