clx2
clx1
#------------------------------------------------------------
#    Intel(R) MPI Benchmarks 2021.1, IMB-P2P part
#------------------------------------------------------------
# Date                  : Mon Apr 12 23:11:50 2021
# Machine               : x86_64
# System                : Linux
# Release               : 4.18.0-240.el8.x86_64
# Version               : #1 SMP Fri Sep 25 19:48:47 UTC 2020
# MPI Version           : 3.1
# MPI Thread Environment:
#
# Calling sequence was:
#
# /opt/intel/oneapi/mpi/2021.1.1/bin/IMB-P2P
#
# List of Benchmarks to run:
#
# PingPong
# PingPing
# Unirandom
# Birandom
# Corandom
# Stencil2D
# Stencil3D
# SendRecv_Replace
#
# Minimum message length in bytes:   0
# Maximum message length in bytes:   4194304
#

#----------------------------------------------------------------
# Benchmarking PingPong
# #processes = 2
#----------------------------------------------------------------
       #bytes #repetitions      t[usec]   Mbytes/sec      Msg/sec
            0       100000         0.44         0.00      2283543
            1       100000         0.46         2.16      2156665
            2       100000         0.47         4.25      2122864
            4       100000         0.47         8.56      2141095
            8       100000         0.47        16.90      2112650
           16       100000         0.47        34.21      2138162
           32       100000         0.50        63.63      1988401
           64       100000         0.50       126.78      1980991
          128       100000         0.60       213.13      1665074
          256       100000         0.64       400.18      1563187
          512       100000         0.88       583.68      1140003
         1024       100000         0.95      1072.68      1047541
         2048       100000         1.13      1818.08       887735
         4096       100000         1.61      2543.64       621006
         8192       100000         2.14      3821.88       466539
        16384        51200         3.44      4768.65       291055
        32768        25600         7.96      4118.06       125673
        65536        12800        14.61      4485.65        68446
       131072         6400        27.27      4806.94        36674
       262144         3200        52.74      4970.91        18963
       524288         1600       107.90      4859.03         9268
      1048576          800       254.74      4115.93         3925
      2097152          400       532.30      3939.30         1878
      4194304          200      1059.84      3956.51          943

#----------------------------------------------------------------
# Benchmarking PingPing
# #processes = 2
#----------------------------------------------------------------
       #bytes #repetitions      t[usec]   Mbytes/sec      Msg/sec
            0       100000         0.70         0.00      2854747
            1       100000         0.71         2.83      2825672
            2       100000         0.71         5.66      2829066
            4       100000         0.71        11.21      2803314
            8       100000         0.71        22.55      2818252
           16       100000         0.70        45.86      2866240
           32       100000         0.75        85.05      2657858
           64       100000         0.76       167.80      2621843
          128       100000         0.78       328.11      2563380
          256       100000         0.96       531.29      2075333
          512       100000         1.17       876.44      1711798
         1024       100000         1.25      1637.25      1598880
         2048       100000         1.42      2877.45      1405006
         4096       100000         1.85      4426.02      1080571
         8192       100000         2.81      5826.43       711234
        16384        51200         4.22      7770.75       474289
        32768        25600        11.03      5941.89       181332
        65536        12800        21.60      6067.30        92580
       131072         6400        42.40      6181.92        47164
       262144         3200        84.77      6184.84        23593
       524288         1600       178.12      5886.56        11228
      1048576          800       407.95      5140.68         4903
      2097152          400       834.75      5024.62         2396
      4194304          200      1665.19      5037.64         1201

#----------------------------------------------------------------
# Benchmarking Unirandom
# #processes = 2
#----------------------------------------------------------------
       #bytes #repetitions      t[usec]   Mbytes/sec      Msg/sec
            0       100000         0.85         0.00      2349198
            1       100000         0.87         2.29      2294689
            2       100000         0.89         4.49      2242637
            4       100000         0.89         8.95      2236337
            8       100000         0.87        18.29      2286507
           16       100000         0.89        35.87      2241673
           32       100000         0.90        70.77      2211708
           64       100000         0.87       146.57      2290110
          128       100000         1.00       255.43      1995538
          256       100000         1.09       471.77      1842861
          512       100000         1.64       625.00      1220700
         1024       100000         1.84      1114.72      1088598
         2048       100000         2.09      1961.14       957586
         4096       100000         2.95      2781.51       679080
         8192       100000         4.04      4051.82       494607
        16384        51200         6.35      5161.09       315008
        32768        25600        14.11      4645.28       141763
        65536        12800        26.86      4878.94        74447
       131072         6400        51.56      5084.30        38790
       262144         3200       100.89      5196.71        19824
       524288         1600       196.71      5330.43        10167
      1048576          800       445.35      4708.67         4491
      2097152          400       953.66      4397.55         2097
      4194304          200      1934.93      4334.27         1033

#----------------------------------------------------------------
# Benchmarking Birandom
# #processes = 2
#----------------------------------------------------------------
       #bytes #repetitions      t[usec]   Mbytes/sec      Msg/sec
            0       100000         0.70         0.00      2875765
            1       100000         0.70         2.84      2840880
            2       100000         0.70         5.68      2840292
            4       100000         0.71        11.34      2834079
            8       100000         0.71        22.65      2831204
           16       100000         0.71        45.35      2834096
           32       100000         0.76        84.63      2644722
           64       100000         0.75       170.27      2660457
          128       100000         0.78       327.78      2560797
          256       100000         0.91       560.10      2187890
          512       100000         1.17       875.58      1710120
         1024       100000         1.24      1656.04      1617227
         2048       100000         1.41      2895.96      1414045
         4096       100000         1.96      4170.31      1018142
         8192       100000         2.85      5748.21       701686
        16384        51200         4.20      7801.23       476149
        32768        25600        11.06      5926.67       180868
        65536        12800        21.58      6074.32        92687
       131072         6400        42.42      6180.32        47152
       262144         3200        84.85      6178.70        23570
       524288         1600       177.24      5915.80        11283
      1048576          800       407.89      5141.51         4903
      2097152          400       835.22      5021.81         2395
      4194304          200      1664.25      5040.45         1202

#----------------------------------------------------------------
# Benchmarking Corandom
# #processes = 2
#----------------------------------------------------------------
       #bytes #repetitions      t[usec]   Mbytes/sec      Msg/sec
            0       100000         0.73         0.00      2741572
            1       100000         0.74         2.71      2714011
            2       100000         0.74         5.39      2695248
            4       100000         0.72        11.13      2781322
            8       100000         0.73        21.81      2726608
           16       100000         0.72        44.38      2774006
           32       100000         0.77        83.39      2605990
           64       100000         0.80       161.00      2515603
          128       100000         0.82       313.37      2448175
          256       100000         0.96       533.48      2083910
          512       100000         1.19       862.71      1684973
         1024       100000         1.25      1635.04      1596719
         2048       100000         1.46      2802.15      1368239
         4096       100000         1.94      4218.34      1029867
         8192       100000         2.73      6008.66       733479
        16384        51200         4.12      7956.09       485601
        32768        25600        10.99      5963.29       181985
        65536        12800        21.43      6115.32        93312
       131072         6400        42.08      6229.51        47527
       262144         3200        84.42      6210.28        23690
       524288         1600       176.63      5936.20        11322
      1048576          800       404.95      5178.71         4939
      2097152          400       834.01      5029.08         2398
      4194304          200      1665.00      5038.19         1201

# !! Benchmark Stencil2D is invalid for 2 processes !!

# !! Benchmark Stencil3D is invalid for 2 processes !!

#----------------------------------------------------------------
# Benchmarking SendRecv_Replace
# #processes = 2
#----------------------------------------------------------------
       #bytes #repetitions      t[usec]   Mbytes/sec      Msg/sec
            0       100000         0.68         0.00      2934294
            1       100000         0.74         2.71      2712951
            2       100000         0.74         5.42      2712331
            4       100000         0.74        10.84      2709588
            8       100000         0.73        21.90      2737295
           16       100000         0.72        44.38      2773942
           32       100000         0.80        79.75      2492062
           64       100000         0.80       160.62      2509684
          128       100000         0.83       309.63      2419008
          256       100000         0.98       523.10      2043363
          512       100000         1.21       847.41      1655095
         1024       100000         1.25      1639.80      1601365
         2048       100000         1.45      2820.73      1377311
         4096       100000         1.92      4271.47      1042840
         8192       100000         2.75      5966.16       728291
        16384        51200         4.36      7516.50       458771
        32768        25600        11.85      5529.21       168738
        65536        12800        22.65      5786.89        88301
       131072         6400        44.15      5937.56        45300
       262144         3200        88.05      5954.38        22714
       524288         1600       184.21      5692.43        10857
      1048576          800       423.28      4954.50         4725
      2097152          400       927.18      4523.72         2157
      4194304          200      1850.22      4533.83         1081


# All processes entering MPI_Finalize

