clx2
clx1
#------------------------------------------------------------
#    Intel(R) MPI Benchmarks 2021.1, IMB-P2P part
#------------------------------------------------------------
# Date                  : Mon Apr 12 23:18:38 2021
# Machine               : x86_64
# System                : Linux
# Release               : 4.18.0-240.el8.x86_64
# Version               : #1 SMP Fri Sep 25 19:48:47 UTC 2020
# MPI Version           : 3.1
# MPI Thread Environment:
#
# Calling sequence was:
#
# IMB-P2P
#
# List of Benchmarks to run:
#
# PingPong
# PingPing
# Unirandom
# Birandom
# Corandom
# Stencil2D
# Stencil3D
# SendRecv_Replace
#
# Minimum message length in bytes:   0
# Maximum message length in bytes:   4194304
#

#----------------------------------------------------------------
# Benchmarking PingPong
# #processes = 2
#----------------------------------------------------------------
       #bytes #repetitions      t[usec]   Mbytes/sec      Msg/sec
            0       100000         0.44         0.00      2284459
            1       100000         0.46         2.16      2155847
            2       100000         0.48         4.19      2093453
            4       100000         0.47         8.45      2113026
            8       100000         0.47        16.87      2108224
           16       100000         0.46        34.46      2153935
           32       100000         0.49        64.75      2023497
           64       100000         0.50       128.83      2012947
          128       100000         0.60       213.47      1667753
          256       100000         0.64       397.61      1553162
          512       100000         0.86       592.58      1157381
         1024       100000         0.94      1091.55      1065963
         2048       100000         1.10      1856.61       906547
         4096       100000         1.56      2625.55       641004
         8192       100000         2.17      3777.66       461140
        16384        51200         3.52      4652.36       283957
        32768        25600         7.96      4118.40       125684
        65536        12800        14.48      4525.84        69059
       131072         6400        27.09      4838.81        36917
       262144         3200        52.29      5012.84        19122
       524288         1600       108.55      4829.83         9212
      1048576          800       253.47      4136.46         3945
      2097152          400       531.00      3948.95         1883
      4194304          200      1060.85      3952.75          942

#----------------------------------------------------------------
# Benchmarking PingPing
# #processes = 2
#----------------------------------------------------------------
       #bytes #repetitions      t[usec]   Mbytes/sec      Msg/sec
            0       100000         0.70         0.00      2872197
            1       100000         0.73         2.75      2748588
            2       100000         0.73         5.51      2752984
            4       100000         0.73        10.98      2743994
            8       100000         0.72        22.32      2789511
           16       100000         0.72        44.51      2782110
           32       100000         0.76        83.81      2619218
           64       100000         0.79       162.55      2539863
          128       100000         0.81       315.92      2468129
          256       100000         0.96       534.95      2089666
          512       100000         1.19       861.32      1682258
         1024       100000         1.27      1615.79      1577925
         2048       100000         1.42      2874.85      1403735
         4096       100000         1.99      4110.48      1003536
         8192       100000         2.73      5993.09       731578
        16384        51200         4.23      7745.36       472739
        32768        25600        11.03      5938.95       181242
        65536        12800        21.27      6162.29        94029
       131072         6400        42.26      6203.42        47328
       262144         3200        84.01      6240.53        23806
       524288         1600       177.94      5892.56        11239
      1048576          800       407.07      5151.80         4913
      2097152          400       835.96      5017.36         2392
      4194304          200      1663.14      5043.82         1203

#----------------------------------------------------------------
# Benchmarking Unirandom
# #processes = 2
#----------------------------------------------------------------
       #bytes #repetitions      t[usec]   Mbytes/sec      Msg/sec
            0       100000         0.88         0.00      2285625
            1       100000         0.88         2.28      2284461
            2       100000         0.89         4.48      2240572
            4       100000         0.89         9.00      2250318
            8       100000         0.89        18.01      2250672
           16       100000         0.89        36.07      2254453
           32       100000         0.91        70.52      2203801
           64       100000         0.90       142.09      2220228
          128       100000         1.01       254.13      1985391
          256       100000         1.10       466.30      1821494
          512       100000         1.65       621.69      1214230
         1024       100000         1.81      1133.52      1106956
         2048       100000         2.09      1961.83       957926
         4096       100000         2.93      2799.64       683506
         8192       100000         4.04      4053.02       494753
        16384        51200         6.39      5131.76       313218
        32768        25600        14.17      4624.49       141128
        65536        12800        26.79      4893.40        74667
       131072         6400        51.27      5113.15        39010
       262144         3200        99.98      5243.77        20003
       524288         1600       195.65      5359.29        10222
      1048576          800       444.37      4719.12         4501
      2097152          400       953.52      4398.19         2097
      4194304          200      1933.64      4337.18         1034

#----------------------------------------------------------------
# Benchmarking Birandom
# #processes = 2
#----------------------------------------------------------------
       #bytes #repetitions      t[usec]   Mbytes/sec      Msg/sec
            0       100000         0.71         0.00      2831082
            1       100000         0.72         2.79      2793766
            2       100000         0.71         5.65      2826018
            4       100000         0.72        11.16      2789373
            8       100000         0.71        22.43      2803996
           16       100000         0.71        44.79      2799396
           32       100000         0.76        83.77      2617908
           64       100000         0.77       166.52      2601944
          128       100000         0.78       326.58      2551444
          256       100000         0.91       564.50      2205082
          512       100000         1.19       860.41      1680482
         1024       100000         1.27      1616.05      1578177
         2048       100000         1.44      2852.69      1392914
         4096       100000         1.99      4113.62      1004301
         8192       100000         2.74      5978.66       729817
        16384        51200         4.24      7728.61       471717
        32768        25600        11.05      5929.38       180950
        65536        12800        21.34      6142.03        93720
       131072         6400        42.37      6186.58        47200
       262144         3200        84.05      6238.10        23796
       524288         1600       177.67      5901.56        11256
      1048576          800       407.45      5147.00         4909
      2097152          400       835.66      5019.14         2393
      4194304          200      1664.83      5038.71         1201

#----------------------------------------------------------------
# Benchmarking Corandom
# #processes = 2
#----------------------------------------------------------------
       #bytes #repetitions      t[usec]   Mbytes/sec      Msg/sec
            0       100000         0.74         0.00      2687407
            1       100000         0.74         2.69      2685676
            2       100000         0.76         5.28      2640375
            4       100000         0.73        10.94      2736171
            8       100000         0.75        21.35      2668472
           16       100000         0.75        42.46      2653963
           32       100000         0.79        80.51      2516003
           64       100000         0.81       157.91      2467347
          128       100000         0.83       309.17      2415413
          256       100000         0.93       548.06      2140869
          512       100000         1.20       849.85      1659863
         1024       100000         1.28      1599.60      1562108
         2048       100000         1.43      2855.08      1394081
         4096       100000         1.98      4141.50      1011108
         8192       100000         2.72      6033.25       736480
        16384        51200         4.20      7795.57       475804
        32768        25600        10.95      5984.73       182640
        65536        12800        21.33      6144.91        93764
       131072         6400        42.18      6214.91        47416
       262144         3200        83.68      6265.44        23901
       524288         1600       177.49      5907.45        11268
      1048576          800       405.92      5166.35         4927
      2097152          400       835.83      5018.12         2393
      4194304          200      1662.98      5044.33         1203

# !! Benchmark Stencil2D is invalid for 2 processes !!

# !! Benchmark Stencil3D is invalid for 2 processes !!

#----------------------------------------------------------------
# Benchmarking SendRecv_Replace
# #processes = 2
#----------------------------------------------------------------
       #bytes #repetitions      t[usec]   Mbytes/sec      Msg/sec
            0       100000         0.70         0.00      2875497
            1       100000         0.73         2.72      2722771
            2       100000         0.74         5.39      2695897
            4       100000         0.72        11.12      2779159
            8       100000         0.71        22.45      2806292
           16       100000         0.74        43.52      2719979
           32       100000         0.80        80.16      2504960
           64       100000         0.79       161.87      2529196
          128       100000         0.83       308.65      2411323
          256       100000         0.96       530.85      2073642
          512       100000         1.21       843.81      1648070
         1024       100000         1.27      1608.80      1571095
         2048       100000         1.42      2890.64      1411445
         4096       100000         1.93      4245.73      1036554
         8192       100000         2.73      5999.43       732352
        16384        51200         4.30      7626.49       465484
        32768        25600        11.77      5565.69       169851
        65536        12800        22.31      5874.31        89635
       131072         6400        44.06      5949.48        45391
       262144         3200        87.03      6023.97        22980
       524288         1600       183.51      5714.14        10899
      1048576          800       423.88      4947.49         4718
      2097152          400       929.79      4511.03         2151
      4194304          200      1852.59      4528.02         1080


# All processes entering MPI_Finalize

